((("la" .
   [1 0])
  ("ls" .
   [2 0])
  ("alias" .
   [6 0 0 0 0])
  ("_update_coolness" .
   [0 0 0 0 0 0 0 0 0 0 0 0 1 0 0 0])
  ("plot" .
   [2 0 0 0])
  ("plt" .
   [2 0 0])
  ("y2014" .
   [1 0 0 0 0])
  ("x2014" .
   [2 0 0 0 0])
  ("polyfit" .
   [0 0 0 0 1 0 0])
  ("b2013" .
   [3 0 0 0 0])
  ("y2013" .
   [1 0 0 0 0])
  ("x2013" .
   [5 0 0 0 0])
  ("subplot" .
   [1 0 0 0 0 0 0])
  ("backgroundColor" .
   [0 0 0 0 1 0 0 0 0 0 0 0 0 0 0])
  ("style" .
   [1 0 0 0 0])
  ("responded" .
   [1 0 0 0 0 0 0 0 0])
  ("innerHTML" .
   [0 0 0 0 0 1 0 0 0])
  ("getElementById" .
   [0 0 0 0 1 0 0 0 0 0 0 0 0 0])
  ("document" .
   [0 0 0 1 0 0 0 0])
  ("status" .
   [2 0 0 0 0 1])
  ("www" .
   [1 0 0])
  ("ping" .
   [1 0 0 0])
  ("10" .
   [1 0])
  ("o" .
   [1])
  ("desktop-save-mode" .
   [0 0 0 0 1 0 0 0 0 0 0 0 0 0 0 0 0])
  ("ISBN" .
   [1 0 0 0])
  ("array" .
   [3 0 0 0 0])
  ("$books" .
   [2 0 0 0 0 0])
  ("$actpg" .
   [1 0 0 0 0 0])
  ("$argv" .
   [5 0 0 0 0])
  ("$argt" .
   [1 0 0 0 0])
  ("ssssii" .
   [1 0 0 0 0 0])
  ("do" .
   [1 0])
  ("mais" .
   [1 0 0 0])
  ("ha" .
   [1 0])
  ("class" .
   [1 0 0 0 0])
  ("Livros" .
   [2 0 0 0 0 0])
  ("nil" .
   [1 0 0])
  ("-nc" .
   [1 0 0])
  ("/dev/" .
   [0 1 0 0 0])
  ("ifstream" .
   [1 0 0 0 0 0 0 0])
  ("filenames" .
   [3 0 0 0 0 0 0 0 0])
  ("os" .
   [1 0])
  ("INF" .
   [3 0 0])
  ("operator" .
   [1 0 0 0 0 0 0 0])
  ("mid" .
   [4 0 0])
  ("triplet" .
   [1 0 0 0 0 0 0])
  ("tuple" .
   [11 0 0 0 0])
  ("triple" .
   [5 0 0 0 0 0])
  ("get_nth" .
   [2 0 0 1 0 0 0])
  ("update_v" .
   [0 0 0 1 0 0 1 0])
  ("add_v" .
   [2 0 0 0 0])
  ("MID" .
   [1 0 0])
  ("build_tree" .
   [0 0 0 0 0 3 0 0 0 0])
  ("best" .
   [3 0 0 0])
  ("20" .
   [3 0])
  ("$resl" .
   [2 0 0 0 0])
  ("$book_id" .
   [2 0 0 0 0 0 0 0])
  ("$page" .
   [1 0 0 0 0])
  ("$title" .
   [2 0 0 0 0 0])
  ("font-size" .
   [0 0 1 0 0 0 0 0 0])
  ("padding" .
   [0 0 0 0 1 0 0])
  ("margin" .
   [0 0 0 0 1 0])
  ("5px" .
   [2 0 0])
  ("2px" .
   [1 0 0])
  ("margin-right" .
   [0 0 0 0 0 0 0 1 0 1 0 0])
  ("left" .
   [1 0 0 0])
  ("taghead" .
   [1 0 0 0 0 0 0])
  ("not" .
   [1 0 0])
  ("inert" .
   [1 0 0 0 0])
  ("fff" .
   [2 0 0])
  ("hover" .
   [0 1 1 0 0])
  ("right-sidebar" .
   [1 0 0 0 0 0 0 0 0 0 0 0 0])
  ("8px" .
   [2 0 0])
  ("right-side" .
   [0 0 0 0 0 0 0 0 0 1])
  ("nav-sidebar" .
   [1 0 0 0 0 0 0 0 0 0 0])
  ("exit" .
   [3 0 0 0])
  ("minimo" .
   [3 0 0 0 0 0])
  ("maximo" .
   [6 0 0 0 0 0])
  ("soma" .
   [6 0 0 0])
  ("nope" .
   [2 0 0 0])
  ("6969" .
   [1 0 0 0])
  ("SQUARE_DIST" .
   [0 0 0 0 0 0 1 0 0 0 0])
  ("sudo" .
   [11 0 0 0])
  ("c_str" .
   [2 0 0 0 0])
  ("cu" .
   [7 0])
  ("url" .
   [1 0 0])
  ("errC" .
   [1 0 0 0])
  ("ASSC" .
   [4 0 0 0])
  ("make_curl" .
   [1 0 0 0 0 2 0 0 0])
  ("curl_easy_setopt" .
   [2 0 0 0 0 0 0 0 0 0 1 0 1 1 0 0])
  ("regexes_str" .
   [2 0 0 0 0 0 0 0 0 0 0])
  ("main_out" .
   [2 0 0 0 1 2 0 0])
  ("open_main_fout" .
   [0 0 0 0 0 2 0 0 0 0 0 0 0 0])
  ("ofstream" .
   [1 0 0 0 0 0 0 0])
  ("fout" .
   [12 0 0 0])
  ("noops" .
   [14 0 0 0 0])
  ("sleep" .
   [9 0 0 0 0])
  ("is_open" .
   [1 0 2 2 0 0 0])
  ("sleeper" .
   [1 0 0 0 0 0 0])
  ("output_counter" .
   [0 0 0 0 0 1 2 1 0 0 0 0 0 0])
  ("output" .
   [2 0 0 0 0 0])
  ("256" .
   [1 0 0])
  ("hash" .
   [1 0 0 0])
  ("getline" .
   [1 0 0 0 0 0 0])
  ("add" .
   [1 0 0])
  ("fstream" .
   [1 0 0 0 0 0 0])
  ("clear" .
   [3 0 0 0 0])
  ("regexes" .
   [7 0 0 0 0 0 1])
  ("stuff" .
   [1 0 0 0 0])
  ("regex" .
   [4 0 0 0 0])
  ("PS1" .
   [2 0 0])
  ("MAGENTA" .
   [2 0 0 0 0 0 0])
  ("getpass" .
   [1 0 0 0 0 0 0])
  ("connect" .
   [1 0 0 0 0 0 0])
  ("MySQLdb" .
   [0 0 1 0 0 0 0])
  ("db_nm" .
   [1 0 0 0 0])
  ("intel_on_email_np" .
   [0 0 0 0 0 0 0 0 0 0 0 0 0 0 0 1 0])
  ("intel_on_email" .
   [0 0 0 0 0 0 1 0 0 0 0 0 0 0])
  ("or" .
   [2 0])
  ("s_email" .
   [1 0 0 0 0 0 0])
  ("commit" .
   [1 0 0 0 0 0])
  ("typo" .
   [2 0 0 0])
  ("value" .
   [2 0 0 0 0])
  ("lrid" .
   [2 0 0 0])
  ("lastrowid" .
   [0 0 0 2 1 0 0 0 0])
  ("cursor" .
   [2 0 0 0 3 1])
  ("TEXT" .
   [1 0 0 0])
  ("lid" .
   [9 0 0])
  ("a_u" .
   [1 0 0])
  ("email" .
   [6 0 0 0 0])
  ("execute" .
   [4 0 0 3 1 0 0])
  ("db_file" .
   [2 0 0 0 0 0 0])
  ("sqlite3" .
   [0 0 0 0 0 0 1])
  ("as" .
   [2 0])
  ("decode" .
   [1 0 0 0 0 0])
  ("get_payload" .
   [0 0 0 1 0 0 0 0 0 0 0])
  ("exists" .
   [2 0 0 0 0 0])
  ("path" .
   [1 0 0 0])
  ("emailid" .
   [2 0 0 0 0 0 0])
  ("emails" .
   [1 0 0 0 0 0])
  ("t_dir" .
   [6 0 0 0 0])
  ("dir" .
   [4 0 0])
  ("PYTHON_CODE" .
   [0 0 0 0 0 1 0 0 0 0 0])
  ("sorted" .
   [0 0 0 1 0 0])
  ("join" .
   [2 0 0 0])
  ("reversed" .
   [2 0 0 0 0 1 0 0])
  ("search" .
   [1 0 0 0 0 0])
  ("post_factory" .
   [0 0 0 0 0 1 0 0 0 0 0 0])
  ("pre_factory" .
   [1 0 0 0 0 0 0 0 0 0 0])
  ("pop" .
   [2 0 0])
  ("npos" .
   [7 0 0 0])
  ("resetstuff" .
   [0 0 0 0 1 1 0 0 0 0])
  ("export" .
   [4 0 0 0 0 0])
  ("ERROR" .
   [1 0 0 0 0])
  ("vi" .
   [3 0])
  ("lcol" .
   [30 0 0 0])
  ("doneempty" .
   [0 0 0 0 1 0 0 0 0])
  ("ncol" .
   [12 0 0 0])
  ("changed" .
   [7 0 0 0 1 0 0])
  ("pcol" .
   [9 0 0 0])
  ("col" .
   [14 0 0])
  ("expected" .
   [16 0 0 0 1 0 1 3])
  ("greedy_dfs" .
   [1 0 0 0 0 0 0 0 0 0])
  ("adj" .
   [10 0 0])
  ("input_data" .
   [1 0 0 0 0 0 0 0 0 0])
  ("file_location" .
   [0 0 0 0 0 1 0 0 0 0 0 0 0])
  ("done" .
   [5 0 0 0])
  ("dp" .
   [10 0])
  ("1000002" .
   [2 0 0 0 0 0 0])
  ("1000001" .
   [3 0 0 0 0 0 0])
  ("assign" .
   [5 0 0 0 0 0])
  ("main" .
   [1 0 0 0])
  ("m" .
   [1])
  ("sqrt" .
   [1 0 0 0])
  ("PI" .
   [2 0])
  ("angle" .
   [8 0 0 0 0])
  ("less" .
   [1 0 0 0])
  ("center" .
   [5 0 0 0 0 0])
  ("angle_sort" .
   [1 0 0 0 0 0 0 0 0 0])
  ("point" .
   [9 0 0 0 0])
  ("points" .
   [2 0 0 0 0 0])
  ("pop_back" .
   [1 0 0 0 0 0 0 0])
  ("var" .
   [10 0 0])
  ("vals" .
   [12 0 0 0])
  ("$_GET" .
   [0 0 1 1 0])
  ("empty" .
   [1 0 0 1 0])
  ("isset" .
   [3 0 1 1 0])
  ("vindo" .
   [1 0 0 0 0])
  ("Bem" .
   [1 0 0])
  ("cap" .
   [8 0 0])
  ("last" .
   [5 0 0 0])
  ("md" .
   [2 0])
  ("php" .
   [19 0 0])
  ("LSD" .
   [5 0 0])
  ("bfs" .
   [4 0 0])
  ("tmpstr" .
   [2 0 0 0 0 0])
  ("ddd" .
   [2 0 0])
  ("axa" .
   [5 0 0])
  ("esta" .
   [1 0 0 0])
  ("rv" .
   [1 0])
  ("dfs" .
   [16 0 0])
  ("102" .
   [5 0 0])
  ("mi" .
   [1 0])
  ("sv" .
   [1 0])
  ("step" .
   [5 0 0 0])
  ("mark" .
   [1 0 0 0])
  ("strtmp" .
   [2 0 0 0 0 0])
  ("memset" .
   [12 0 1 0 0 0])
  ("1004" .
   [3 0 0 0])
  ("mapa" .
   [5 0 0 0])
  ("num_print" .
   [1 0 0 0 0 0 2 0 0])
  ("num_add" .
   [5 0 0 0 0 0 0])
  ("c" .
   [2])
  ("num_sum" .
   [1 0 0 0 0 0 0])
  ("num_swap" .
   [1 0 0 0 0 0 0 0])
  ("num_cmp_abs" .
   [1 0 0 0 0 1 0 0 0 0 0])
  ("num_cmp" .
   [4 0 0 0 0 0 0])
  ("trans" .
   [13 0 0 0 0])
  ("PADSTR" .
   [1 0 0 0 0 0])
  ("lli" .
   [18 0 0])
  ("signal" .
   [22 1 0 1 1 0])
  ("num" .
   [43 0 0])
  ("COL_SZ" .
   [10 0 3 3 1 0])
  ("num_init" .
   [11 0 0 0 0 0 1 0])
  ("MAX_COL" .
   [5 0 6 0 0 0 0])
  ("1" .
   [7])
  ("right" .
   [48 0 0 0 1])
  ("valz" .
   [38 0 0 0])
  ("echo" .
   [15 0 0 0])
  ("1010" .
   [2 0 0 0])
  ("zerate_bfs" .
   [0 0 0 0 1 0 0 0 0 0])
  ("matrix" .
   [11 0 0 0 0 0])
  ("1011" .
   [8 0 0 0])
  ("1009" .
   [1 0 0 0])
  ("console" .
   [1 0 0 0 0 0 0])
  ("minorant" .
   [2 0 0 0 0 0 0 0])
  ("minor" .
   [3 0 0 0 0])
  ("pi" .
   [1 0])
  ("pow" .
   [2 0 0])
  ("delta" .
   [1 0 0 0 0])
  ("DELTA" .
   [15 0 0 0 0])
  ("part" .
   [14 0 0 0])
  ("answer" .
   [7 0 0 0 0 0])
  ("optimal" .
   [2 0 0 1 0 0 0])
  ("putb" .
   [3 0 0 0])
  ("IO_H" .
   [1 0 0 0])
  ("lib/defs.c" .
   [0 0 0 0 1 0 0 0 0 0])
  ("drivers/terminal.c" .
   [0 0 0 0 0 0 0 0 1 0 0 0 0 0 0 0 0 0])
  ("endif" .
   [2 0 0 0 0])
  ("drivers/vga.c" .
   [0 0 0 0 0 0 0 0 1 0 0 0 0])
  ("VGA_HEIGHT" .
   [1 0 0 0 0 0 0 0 0 0])
  ("terminal_row" .
   [1 0 0 0 0 0 1 0 0 0 0 0])
  ("size_t" .
   [2 0 0 0 0 0])
  ("uint16_t" .
   [3 0 0 0 0 0 0 0])
  ("gen" .
   [1 0 0])
  ("substr" .
   [8 0 0 1 0 0])
  ("ist" .
   [4 0 0])
  ("root" .
   [26 0 0 0])
  ("newds" .
   [2 0 0 0 0])
  ("calc" .
   [3 0 0 0])
  ("base" .
   [4 0 0 0])
  ("isalpha" .
   [2 0 0 0 0 0 0])
  ("getvals" .
   [1 0 0 0 0 0 0])
  ("dx" .
   [10 0])
  ("cx" .
   [2 0])
  ("ma" .
   [7 0])
  ("adb" .
   [6 0 0])
  ("this" .
   [11 0 0 0])
  ("meronims" .
   [1 0 0 0 0 0 0 0])
  ("word" .
   [3 0 0 0])
  ("1000000" .
   [0 0 0 0 0 0 2])
  ("scanf" .
   [1 0 0 0 0])
  ("second" .
   [22 0 0 0 1 1])
  ("valid" .
   [7 0 0 0 0])
  ("nm1" .
   [2 0 0])
  ("nm" .
   [12 0])
  ("pii" .
   [62 0 0])
  ("n" .
   [15])
  ("nums2" .
   [5 0 0 0 0])
  ("nums1" .
   [4 0 0 0 0])
  ("i" .
   [31])
  ("fread" .
   [1 0 0 0 0])
  ("std" .
   [6 0 0])
  ("nums" .
   [28 0 0 0])
  ("notin" .
   [1 0 0 0 0])
  ("hlimit" .
   [2 0 0 0 0 0])
  ("mod" .
   [3 0 0])
  ("seed" .
   [3 0 0 0])
  ("namespace" .
   [27 0 0 1 2 2 1 0 0])
  ("tm" .
   [3 0])
  ("push_back" .
   [22 0 0 5 5 4 0 0 0])
  ("vector" .
   [77 0 0 0 2 1])
  ("end" .
   [13 0 0])
  ("possible" .
   [2 0 0 0 0 0 0 0])
  ("long" .
   [30 0 0 0])
  ("typedef" .
   [34 0 0 0 0 0 0])
  ("erro" .
   [1 0 0 0])
  ("goto" .
   [16 0 0 0])
  ("X0DB.zip.en" .
   [2 0 0 0 0 0 0 0 2 0 0])
  ("ret" .
   [1 0 0])
  ("sum" .
   [23 0 0])
  ("while" .
   [69 0 0 0 0])
  ("for" .
   [162 1 1])
  ("decrypt" .
   [1 0 0 0 0 0 0])
  ("encrypt" .
   [1 0 0 0 0 0 0])
  ("password" .
   [5 0 0 0 0 1 0 0])
  ("string" .
   [53 0 0 0 0 0])
  ("include" .
   [54 0 0 0 0 0 0])
  ("void" .
   [40 0 0 0])
  ("endl" .
   [135 0 0 0])
  ("size" .
   [61 0 1 0])
  ("unsigned" .
   [35 1 0 1 2 0 0 0])
  ("else" .
   [98 0 0 0])
  ("memblock" .
   [0 0 0 1 0 0 0 0])
  ("delete" .
   [1 0 0 0 0 0])
  ("cout" .
   [141 0 0 0])
  ("argc" .
   [5 0 0 0])
  ("char" .
   [18 0 0 0])
  ("file" .
   [3 0 0 0])
  ("struct" .
   [6 0 0 4 0 1])
  ("int" .
   [670 0 1])
  ("bin" .
   [3 0 0])
  ("import" .
   [12 0 0 0 0 0])
  ("webbrowser" .
   [0 0 1 1 0 0 1 0 0 0])
  ("controller" .
   [1 0 0 0 0 0 0 0 1 0])
  ("open" .
   [12 0 0 0])
  ("print" .
   [21 0 0 0 0])
  ("if" .
   [304 0])
  ("def" .
   [15 0 0])
  ("return" .
   [235 0 0 1 0 2])
  ("browser" .
   [2 0 0 0 0 0 0])
  ("query" .
   [7 0 0 0 0])
  ("http" .
   [1 0 0 0])
  ("from" .
   [2 0 0 0])
  ("urllib" .
   [0 0 1 0 0 0])
  ("urlencode" .
   [0 0 0 0 1 0 0 0 0])
  ("sys" .
   [12 0 0])
  ("help" .
   [6 0 0 0])
  ("print_help" .
   [3 0 0 0 0 0 0 0 0 0])
  ("len" .
   [8 0 0])
  ("argv" .
   [16 0 0 0])
  ("in" .
   [33 0])
  ("open_search" .
   [1 0 0 0 0 1 0 1 0 0 1])
  ("and" .
   [3 0 1])
  ("sdf" .
   [0 0 1])
  ("X0DB.tar.gz" .
   [0 0 1 1 1 0 0 0 0 0 0])
  ("X0DB.zip" .
   [3 0 0 0 0 1 0 0])
  ("X0DB" .
   [2 0 0 0])
  ("confirm" .
   [2 0 0 1 0 0 0])
  ("-rf" .
   [1 0 0])
  ("bool" .
   [33 0 0 0])
  ("isnull" .
   [3 0 0 0 0 0])
  ("false" .
   [62 0 0 0 0])
  ("true" .
   [66 0 0 0])
  ("mini" .
   [7 0 0 0])
  ("minn" .
   [3 0 0 0])
  ("nextn" .
   [1 0 0 0 0])
  ("no" .
   [19 0])
  ("arvore" .
   [22 1 1 0 0 0])
  ("sons" .
   [13 0 0 0])
  ("cin" .
   [39 0 0])
  ("tmp" .
   [45 0 0])
  ("val" .
   [36 0 0])
  ("calcvals" .
   [4 0 0 0 0 0 0 0])
  ("define" .
   [37 0 0 0 0 0])
  ("MAXLL" .
   [2 0 0 0 0])
  ("rps" .
   [6 0 0])
  ("ans" .
   [84 0 0])
  ("gcd" .
   [1 0 0])
  ("xrange" .
   [2 0 0 0 0 0])
  ("upper_bound" .
   [0 0 0 0 0 1 0 0 0 0 0])
  ("flag" .
   [21 0 0 0])
  ("True" .
   [5 0 0 0])
  ("seq" .
   [40 0 0])
  ("break" .
   [17 0 0 0 0])
  ("str" .
   [31 0 0])
  ("using" .
   [29 0 0 0 0])
  ("nis" .
   [2 0 0])
  ("ull" .
   [10 0 0])
  ("MAXN" .
   [21 0 0 0])
  ("1000" .
   [10 0 0 0])
  ("printf" .
   [27 0 0 0 0 1])
  ("prime" .
   [1 0 0 0 0])
  ("npair" .
   [1 0 0 0 0])
  ("max" .
   [5 0 0])
  ("inline" .
   [5 0 0 0 0 0])
  ("sizeof" .
   [22 0 0 0 2 0])
  ("SEED" .
   [4 0 0 0])
  ("retry" .
   [1 0 0 0 0])
  ("MOD" .
   [3 0 0])
  ("d" .
   [3])
  ("FILE" .
   [1 0 0 0])
  ("dat" .
   [1 0 0])
  ("FILELOC" .
   [4 0 0 0 0 0 0])
  ("STR" .
   [1 0 0])
  ("P1" .
   [1 0])
  ("j" .
   [1])
  ("100" .
   [10 0 0])
  ("..." .
   [1 0 0])
  ("float" .
   [1 0 0 0 0])
  ("double" .
   [30 0 0 0 0 0])
  ("ans1" .
   [15 0 0 0])
  ("ans2" .
   [4 0 0 0])
  ("000" .
   [1 0 0])
  ("abs" .
   [12 0 0])
  ("0" .
   [7])
  ("316" .
   [2 0 0])
  ("isp" .
   [2 0 0])
  ("nisp" .
   [1 0 0 0])
  ("WORD_HPP" .
   [3 0 0 0 0 0 0 0])
  ("plate" .
   [5 0 0 0 0])
  ("number" .
   [4 0 0 0 0 0])
  ("map" .
   [17 0 0])
  ("tickets" .
   [8 0 0 0 0 0 0])
  ("begin" .
   [18 0 0 0 0])
  ("tkts" .
   [9 0 0 0])
  ("pvs" .
   [9 0 0])
  ("it" .
   [20 0])
  ("sort" .
   [7 0 0 0])
  ("first" .
   [28 0 0 0 0])
  ("reverse" .
   [2 0 0 0 0 0 0])
  ("tmps" .
   [3 0 0 0])
  ("union" .
   [1 0 0 0 0])
  ("unio" .
   [7 0 0 0])
  ("sz" .
   [8 0])
  ("tmpi" .
   [5 0 0 0])
  ("bitat" .
   [1 0 0 0 0])
  ("pair" .
   [2 0 0 0])
  ("inrect" .
   [4 0 0 0 0 0])
  ("pa" .
   [1 0])
  ("v0" .
   [12 0])
  ("v1" .
   [13 0])
  ("queue" .
   [12 0 0 0 0])
  ("overlaps" .
   [12 0 0 0 0 0 0 0])
  ("new" .
   [10 0 0])
  ("newoverlaps" .
   [3 0 0 0 0 0 0 0 0 0 0])
  ("r1" .
   [8 0])
  ("push" .
   [3 0 0 0])
  ("min" .
   [16 0 0])
  ("insert" .
   [1 0 0 0 0 0])
  ("continue" .
   [8 0 0 0 1 0 1 0])
  ("domain" .
   [13 0 0 0 0 0])
  ("front" .
   [4 0 0 0 0])
  ("short" .
   [2 0 0 0 0])
  ("terminal_writestring" .
   [1 0 0 0 0 0 0 0 0 0 0 0 0 1 0 0 0 0 0 0])
  ("const" .
   [2 0 0 0 0])
  ("data" .
   [18 0 0 0])
  ("uint8_t" .
   [0 0 0 0 1 1 0])
  ("color" .
   [4 0 0 0 0])
  ("terminal_color" .
   [0 0 0 0 0 0 0 0 0 0 1 0 0 1])
  ("make_color" .
   [0 0 0 0 1 0 0 0 0 0])
  ("COLOR_RED" .
   [1 0 0 0 0 0 0 0 0])
  ("COLOR_BLACK" .
   [0 0 0 0 0 0 0 0 0 1 0])
  ("COLOR_BLUE" .
   [1 0 0 0 0 0 0 0 0 0])
  ("terminal_setcolor" .
   [0 0 0 1 0 0 1 0 0 0 0 0 0 0 0 0 0])
  ("terminal_writestring_color" .
   [2 0 0 0 0 0 0 0 0 0 0 0 0 0 0 0 0 0 0 0 0 0 0 0 0 0])
  ("domath" .
   [2 0 0 0 0 0])
  ("con" .
   [14 0 0])
  ("stores" .
   [9 0 0 0 0 0])
  ("tmp1" .
   [3 0 0 0])
  ("tmp2" .
   [2 0 0 0])
  ("store" .
   [1 0 0 0 0])
  ("MAXSTEP" .
   [0 0 0 0 1 0 0])
  ("ALPHA" .
   [1 0 0 0 0])
  ("dy" .
   [1 0])
  ("10000" .
   [7 0 0 0 0])
  ("null" .
   [2 0 0 0])
  ("NULL" .
   [6 0 0 0])
  ("dst" .
   [30 0 0])
  ("frame" .
   [9 0 0 0 0])
  ("21" .
   [3 0])
  ("4" .
   [1])
  ("src" .
   [1 0 0])
  ("src_gray" .
   [1 0 0 0 0 0 0 0])
  ("//bin/" .
   [0 0 1 0 0 0])
  ("200" .
   [1 0 0])
  ("2" .
   [1])
  ("25" .
   [3 0])
  ("Mat" .
   [1 0 0])
  ("hue" .
   [1 0 0])
  ("100010" .
   [1 0 0 0 0 0])
  ("dp1" .
   [5 0 0])
  ("pd" .
   [5 0])
  ("num_idiv" .
   [2 0 0 0 0 1 0 0])
  ("num_mod" .
   [2 0 0 0 0 0 0])
  ("num_mult" .
   [7 0 0 0 0 0 0 0])
  ("num_sub" .
   [1 0 0 0 0 0 0])
  ("num_copy" .
   [3 0 0 0 1 2 0 0])
  ("BIGINT" .
   [1 0 0 0 0 0])
  ("bigger" .
   [0 0 0 0 0 1])
  ("b" .
   [2])
  ("a1" .
   [8 0])
  ("a2" .
   [3 0])
  ("num_init_d" .
   [5 0 0 0 0 0 0 0 0 1])
  ("a" .
   [8])
  ("num_add_d" .
   [2 0 0 0 0 0 0 0 0])
  ("b1" .
   [1 0])
  ("numz" .
   [2 0 0 0])
  ("s1" .
   [1 0])
  ("s2" .
   [1 0])
  ("num_mult_d" .
   [3 0 0 0 0 0 0 0 0 0])
  ("cool" .
   [2 0 0 0])
  ("make_tree" .
   [3 0 0 0 0 0 0 0 0])
  ("update_tree" .
   [1 0 0 1 0 0 1 0 0 0 0])
  ("enum" .
   [1 0 0 0])
  ("FLIP" .
   [7 0 0 0])
  ("DONE" .
   [11 0 0 0])
  ("x1" .
   [1 0])
  ("ZERO" .
   [9 0 0 0])
  ("ONE" .
   [9 0 0])
  ("flipped" .
   [2 0 0 0 0 0 0])
  ("abc" .
   [7 0 0])
  ("update_state" .
   [3 0 0 0 0 0 0 0 0 0 0 0])
  ("parent" .
   [3 0 0 0 0 0])
  ("rank" .
   [9 0 0 0])
  ("unite" .
   [2 0 0 0 0])
  ("united" .
   [1 0 0 0 0 0])
  ("hidden" .
   [0 0 1 0 0 0])
  ("auto" .
   [1 0 0 0])
  ("0em" .
   [1 0 0])
  ("Background" .
   [0 0 0 1 1 0 0 0 0 0])
  ("background-color" .
   [0 0 2 1 0 0 0 0 0 0 0 0 0 0 0 0])
  ("ccc" .
   [2 0 0])
  ("777" .
   [2 0 0])
  ("5" .
   [3])
  ("margin-bottom" .
   [0 0 0 0 0 0 0 0 0 1 2 0 0])
  ("1em" .
   [2 0 0])
  ("e" .
   [7])
  ("333" .
   [1 0 0])
  ("15px" .
   [2 0 0 0])
  ("3" .
   [1])
  ("x" .
   [1])
  ("padding-bottom" .
   [1 0 0 0 0 0 0 0 0 0 0 0 0 0])
  ("relative" .
   [1 0 0 0 0 0 0 0])
  ("absolute" .
   [2 0 0 0 0 0 0 0])
  ("104" .
   [1 0 0])
  ("inp" .
   [4 0 0])
  ("cross" .
   [3 0 0 0 0])
  ("168" .
   [1 0 0])
  ("primes" .
   [3 0 0 0 0 0])
  ("factors" .
   [10 0 0 0 0 0 0])
  ("1001" .
   [9 0 0 0])
  ("factor" .
   [3 0 0 0 0 0])
  ("saída" .
   [1 0 0 0 0])
  ("switch" .
   [2 0 0 0 1 0])
  ("case" .
   [7 0 0 0])
  ("default" .
   [4 1 1 2 1 0 0])
  ("$step" .
   [2 0 0 0 0])
  ("p" .
   [2])
  ("is" .
   [9 0])
  ("right_column" .
   [1 0 0 0 0 0 0 0 0 0 0 0])
  ("div" .
   [3 0 0])
  ("id" .
   [10 0])
  ("Footer" .
   [2 0 0 0 0 0])
  ("the" .
   [1 0 0])
  ("footer" .
   [1 0 0 0 0 0])
  ("bla" .
   [6 0 0])
  ("pat" .
   [8 0 0])
  ("match" .
   [3 0 0 0 0])
  ("reg" .
   [5 0 0])
  ("cnt" .
   [7 0 0])
  ("MAX" .
   [2 0 0])
  ("close" .
   [4 0 0 0 0])
  ("fin" .
   [5 0 0])
  ("nextloop" .
   [0 0 0 1 0 0 0 0])
  ("raw_input" .
   [5 0 0 1 1 0 0 0 0])
  ("mail" .
   [14 0 0 0])
  ("None" .
   [9 0 0 0])
  ("EOF" .
   [1 0 0])
  ("mywrap" .
   [1 0 1 0 0 0])
  ("Generator" .
   [0 0 0 0 0 0 1 0 0])
  ("argparse" .
   [0 0 0 1 0 0 0 0])
  ("parser" .
   [6 0 0 2 1 0])
  ("args" .
   [14 0 0 0])
  ("type" .
   [5 0 0 0])
  ("teste" .
   [1 0 0 0 0])
  ("add_argument" .
   [2 0 0 0 1 0 0 0 0 0 0 0])
  ("list" .
   [1 0 0 0])
  ("raise" .
   [1 0 0 0 0])
  ("user" .
   [2 0 0 0])
  ("folder" .
   [4 0 0 0 0 0])
  ("server" .
   [1 0 0 0 0 0])
  ("required" .
   [0 0 0 1 0 0 0 0])
  ("pass" .
   [1 0 0 0])
  ("description" .
   [0 0 0 0 1 1 0 0 0 0 0])
  ("row" .
   [4 0 0])
  ("f_m" .
   [1 0 0])
  ("fetchall" .
   [1 0 0 0 1 1 0 0])
  ("exec" .
   [1 0 0 0])
  ("function" .
   [11 0 0 0 0 0 0 0])
  ("then" .
   [1 0 0 0])
  ("elif" .
   [1 0 0 0])
  ("ABC" .
   [1 0 0])
  ("exit_code" .
   [1 0 0 0 0 0 0 0 0])
  ("s" .
   [2])
  ("searchfor" .
   [5 0 1 2 1 0 0 0 0])
  ("found" .
   [8 0 0 0 0])
  ("urls" .
   [4 0 0 0])
  ("curl_easy_cleanup" .
   [0 0 0 0 1 4 1 2 0 0 0 0 0 0 0 0 0])
  ("curl" .
   [6 0 0 0])
  ("root_url" .
   [2 0 0 0 0 1 0 0])
  ("find" .
   [1 0 0 0])
  ("length" .
   [1 0 0 0 0 0])
  ("downloading" .
   [1 0 0 0 0 0 0 0 0 0 0])
  ("CURLE_OK" .
   [3 0 0 0 0 0 1 0])
  ("ASS" .
   [3 0 0])
  ("CURL" .
   [3 0 0 0])
  ("c_worker" .
   [4 0 1 1 0 1 0 0])
  ("errA" .
   [1 0 0 0])
  ("ASSB" .
   [4 0 0 0])
  ("errB" .
   [2 0 0 0])
  ("trie_locker" .
   [0 0 0 0 0 0 0 0 1 0 0])
  ("trie_find" .
   [0 0 0 0 1 0 0 0 0])
  ("trie_mute" .
   [4 0 0 0 0 0 0 0 0])
  ("trie_url_mute" .
   [2 0 0 0 0 0 0 0 0 0 0 0 0])
  ("trie" .
   [2 0 0 0])
  ("getpost" .
   [0 0 0 1 0 0 0])
  ("trie_add" .
   [1 0 0 0 0 0 0 0])
  ("tor_change_path" .
   [0 0 0 0 1 0 1 0 0 0 0 0 0 0 0])
  ("asd" .
   [3 0 0])
  ("ternarySearch" .
   [0 0 0 0 1 0 0 0 0 0 0 0 0])
  ("1048576" .
   [1 0 0 0 0 0 0])
  ("dd" .
   [9 0])
  ("count" .
   [4 0 0 0 0])
  ("require" .
   [4 0 0 0 0 0 0])
  ("~/websites/" .
   [0 0 0 0 1 0 0 0 0 0 0])
  ("~/websites/pagina/" .
   [0 0 0 0 0 0 0 0 0 0 0 0 0 1 0 0 0 0])
  ("login" .
   [3 0 0 0 0])
  ("$username" .
   [4 0 0 0 0 0 1 0 0])
  ("$password" .
   [3 0 0 0 0 0 0 0 0])
  ("$mysqli" .
   [5 0 0 0 0 0 0])
  ("login_user" .
   [1 0 0 0 0 0 0 0 0 0])
  ("include_once" .
   [0 0 0 0 0 0 0 1 0 0 0 0])
  ("require_once" .
   [0 0 0 0 0 0 0 0 0 1 0 0])
  ("$con" .
   [1 0 0 0])
  ("$flag_lg_1" .
   [2 0 0 0 0 1 0 0 0 0])
  ("$_SESSION" .
   [1 0 3 2 0 0 0 0 0])
  ("$user_id" .
   [1 0 0 0 0 0 0 0])
  ("$student_id" .
   [1 0 0 0 0 1 0 0 0 0 0])
  ("$previl" .
   [2 0 0 0 0 0 0])
  ("$_POST" .
   [1 0 0 0 0 0])
  ("is_null" .
   [1 0 0 0 0 0 0])
  ("is_logged_in" .
   [0 0 0 1 0 0 0 0 0 0 0 0])
  ("header" .
   [3 0 0 0 0 0])
  ("formul" .
   [5 0 0 0 0 0])
  ("xmpp" .
   [1 0 0 0])
  ("typeid" .
   [0 0 0 1 0 0])
  ("SUP" .
   [3 0 0])
  ("TANK" .
   [1 0 0 0])
  ("MAXD" .
   [6 0 0 0])
  ("XDD" .
   [1 0 0])
  ("STEP_CNT" .
   [2 0 0 0 0 0 0 0])
  ("html" .
   [1 0 0 0])
  ("head" .
   [1 0 0 0])
  ("2013" .
   [1 0 0 0])
  ("Router" .
   [1 0 0 0 0 0])
  ("router" .
   [1 0 0 0 0 0])
  ("get" .
   [2 0 0])
  ("req" .
   [1 0 0])
  ("res" .
   [2 0 0])
  ("render" .
   [1 0 0 0 0 0])
  ("title" .
   [1 0 0 0 0])
  ("figure" .
   [1 0 0 0 0 0])
  ("4000" .
   [1 0 0 0])
  ("m2013" .
   [3 0 0 0 0])
  ("b2014" .
   [2 0 0 0 0])
  ("m2014" .
   [1 0 0 0 0])))
